102021015972
102017006907
112017027227
102017006908
102022009813
112023015733
112023020093
102023003710
112023019112
102022006685
102017007133
112018005833
112023008845
112023018206
112017008759
112016027534
112023005981
102015008336
102017014720
112018068264
112019025160
112023002087
112019019417
112013011240
112016007771
112017007271
112023002330
112019012882
112023000757
202021004757
112019015881
112022026205
112018004742
202021016819
112020010856
112023001445
112023001241
112015030282
102018013293
102021015593
112022026738
112022025105
112022025627
102017008470
102018009266
102017020557
112022025206
112022024930
112019001900
112022023987
112022023066
112022002391
112022021765
112022022477
112017010297
112022021190
112017002263
112015006983
112012020489
102021008211
112022018116
102021006986
112022017328
112017016833
112022016394
112015006716
112022013755
112022014006
102021006014
112022015851
122020017793
112022005351
112018076607
102021004721
112022014889
102016027731
112022014398
102022003618
112022010069
112022011302
112016013744
112022012013
112022010663
112022009672
112022009716
112022001045
112022007719
112022007976
112022006898
112015018520
112019014435
112022011295
112022026317
112018074135
102022010427
112017015378
112018076847
112022020018
202022008595
112022025162
112018068002
102017026638
112018006289
112020000143
112013002631
102017017288
102021012709
112022009465
112023000098
122020022205
112019001019
112016003873
112015015984
112020016531
112017028539
112016002571
112020006964
202017021263
112022019284
202018071916
112018075318
112019007571
112023001056
112015002605
112016024986
112017023201
112023021452
112023017667
102017010999
112023022437
122020015290
102021006452
112017017348
102013024013
112017016392
112020016424
112022017772
112022007353
112022014507
112018070814
102021018410
102017026766
112016023275
112023013287
112015007968
112023020821
122021014249
112019011002
202021002228
112022018476
0920002
112018000160
112022020434
122021005436
112013012245
112019026496
0619023
112022016044
112016021603
102021011533
112023020655
112023017011
112019020066
102012010953
102020026994
202021005289
112018006383
102018013279
102019006476
112019015805
112022023232
112019021969
112016020489
112013006783
102021021656
102020008284
112017022417
112023000626
102023004448
112019001187
112018008355
102016013953
112022016949
112022012388
202021018922
112015012213
102021017541
112022007193
112020001094
112018015519
112022020468
112017014632
112022013150
102022014806
112023016298
112021002565
112019011545
102022015347
112019018954
112018014357
112022010435
0618947
112022016193
112023019689
112019020827
202020020495
112018005625
112021004906
112020010687
112018068851
112018016098
112019018783
112020001577
102022009313
202021021096
112022012943
102022006731
112022024920
112019007948
112021004700
122022013454
122021004512
202022011100
202022007077
112022008056
112022008342
112016012417
112019005340
112022023818
112016017419
112022009001
112016025164
112022012808
112023000283
112022017210
1105526
112022026699
112022021845
112023021682
112022018657
202019015700
112022021897
102021014173
112013014458
102019023509
112018069923
112018006347
102021014359
102021026609
112019011970
102016029205
0911306
102016003900
102014023779
112019026051
112023020254
112019001514
112019012961
112016025022
112022011041
112016003165
102021002255
112023001932
102021025289
112022010020
102021021043
112022010682
112014021959
112020021641
112020019570
102021015852
112020023949
112022014951
112018000088
112021000060
112021026697
122020017853
112018006382
112023020242
102023004731
112017027385
112015007326
102022017579
102022010405
112021023200
112020020976
112022022815
112023000297
112022010264
112021017703
112017003558
202017016924
112022006482
112022018068
112016021735
112022015632
102023007435
112015024271
112023000264
112017026928
112012002411
112016024959
112015021269
112021022612
112022003157
112023019512
102021014811
112017021823
112023002387
212018000144
112018006040
112022020143
112016023322
112018015973
122021021494
112017025541
112017012429
112023000574
112017010415
112021004133
112020024304
102015018193
0611826
112023002505
102021018902
112017024469
112022021080
202016027239
112023017619
112018071211
112022011738
102022019371
112022020214
112022025705
112013008767
112018014428
112019012699
102021016950
112012019904
112013032380
112016003751
112017020671
112023014825
202021006800
102017022777
112023019158
112021001779
102014032982
112023004203
112022009337
112022018389
112022026598
112022018339
112023004347
112019025132
112016013152
102018005090
112023000040
112021009133
102021017361
112018006315
112022014645
102013020299
112021008686
202018069490
112016020866
102014029486
112020000632
102018075217
112023020867
112022008007
112022008294
112014001600
112022018094
112016026973
112023018065
112022023009
112019027272
112023021346
112021024989
112017013682
112022011244
112022026774
112023018780
112017017712
112022026496
112018076743
112022026596
112022024660
112020025031
202018077249
112022014320
112023019133
102014020518
202021009031
112015000404
112017016340
112022007443
112018014224
112022019245
112023015250
112016026459
102018071112
102018013856
112019013261
102017019797
112022016426
202022013927
112019017674
112022025437
112018001591
112023004525
112022006100
0814394
112017023493
112015026210
122014004140
112022018421
112019017551
112023006162
112023000823
122021023418
112022012691
112023016800
112022007805
112018010053
202023010275
102014027759
0909538
112023001061
102016005879
112022010919
112016010358
122022025997
112015029581
112015004135
112022012612
112022014309
102022010177
112016018576
102021002908
112022013620
112020010232
112017000205
102023006452
112022021854
102020026649
112019022357
102014014297
112022025806
112022026463
102012006421
112013012811
112022014235
122022018622
112019020923
112016024438
112017028194
112022012610
112018072417
112016015971
112017014751
112023019511
112020003714
112023021770
112023002190
112022011008
112022016055
112018007172
112022016556
112023019143
112017013569
112018005015
112019009696
102018011025
102020006557
112022009847
112022011038
112018067767
112023019736
102017016582
112017023774
102016020210
112020015847
112023020811
102021013147
112022008216
112020010518
112023014225
112018075934
102015016458
112022019100
112019020823
112017018340
1013745
112019010304
112019021671
112022013244
112018075552
112018003234
112017018575
112015019634
112022021864
112016029333
112014000688
112022019141
112020008167
102017015092
102021016200
112022009175
102017006718
112017021620
102017001534
102017021241
112023001511
112019000068
112017008423
112022026643
112022015428
112023005214
112023018852
112022026374
112015013615
112022007893
122022016119
112022024238
112013033527
112022023016
112022022639
112022010895
112022007329
112023006276
112023012466
112023003732
202022002027
112022023457
102021010932
112023020971
112018070128
1004003
102014023355
112022026824
202017017795
112022023025
112019016806
112018010070
112022027113
112020010644
112018015320
112018076621
112017009851
112018009028
112020007069
112018073617
112017011456
112023001659
112018015304
112019017432
102018077084
102013007727
112018000747
112022025675
112022009162
112014018841
112015003087
112023005598
112022021396
202022015630
112022008276
112017016512
112023017616
112022007987
112023006272
112023017478
112013028429
112017019953
112022000810
112018069661
112017006018
102013002579
112019006225
112023020486
102022018144
112022012320
112023003940
102022008634
132021020373
112023003884
112019011097
112017025352
112020011357
112023017801
112018076655
102017001325
112018070595
112015020699
112017008885
112015011544
112023000207
112020015012
112017024911
112017012211
102017017509
112015017338
112020005388
112018015868
112022023942
112022007700
112022023703
112021003350
112023000304
112023021962
202022010213
112018008182
202021013915
112021009713
102022008048
102022016919
112017006901
112023021672
112022021402
112018000907
112022024728
112022027076
102023000618
112022010302
112017022424
112022025989
112023020462
202021015276
112017016297
112019007483
0813103
112023016410
112022023244
122023024830
112018014742
112019008040
112016022231
1012077
112023000689
102021009152
112018007107
122017019640
112018076262
102022009612
112022009857
112018005801
102021013714
112019020550
112018003056
112018068883
112016013332
112017025982
112023016404
102017011408
112022021601
112020005503
112022013297
112022023995
202020013596
112022010842
102014020266
112023018313
102022007285
112019001648
112023018092
112020011703
112022020079
122017010763
112017009357
112015009241
112023019764
112019005680
122022020015
112022017298
112023020700
112018016451
112022015740
102022009711
112015000267
102017011990
202017018653
0619840
112023014238
112022007557
102017020810
112023017040
112022016739
112022021721
112022010067
112022014182
112018016666
202021004375
102021014564
112022016181
112022023888
112020008459
202022008848
102022021334
102021013693
202021010924
112015008347
112022020905
112019003993
202017015064
112022014949
112019000307
102021013335
112022015825
112016025287
112020000747
112022010064
112023014598
112022008710
102018070685
112022020563
112022024612
112023004303
102022018856
112014010028
112017000910
102021019838
112022015862
102022020574
112022023047
112023016226
112023002603
112023012932
112017012945
102021000057
112018006058
112023018758
202022005804
112018001173
112021008183
112020006486
112017019812
122020006607
112022023219
112023022260
112020013023
112019022497
102023004868
202022007457
102019007395
112022022484
102021014363
102020026775
102014024155
102021013552
112019026615
112012032317
112016017893
122013020551
112018069095
122020000172
102018071844
112023018145
112020008844
112023019559
112019024688
112022026261
112022008872
112022013969
112017024329
102017015382
202018017320
112017021458
122022015241
102018012662
112022009388
112022006866
112019010705
102016002632
112022016544
102019013472
112018007509
112022022910
112014025989
102022005610
112022011427
102015005067
112022008763
112022022431
112019001545
112020004551
112018006660
112023013908
122023023563
112021010839
112023019339
112018073619
112019004085
112023022284
112016011664
112023021366
112017013244
112022020803
112023001698
112018067370
112023000410
112023004430
102021012721
102022012852
112023021094
112014021148
112014031394
112019018762
112018008785
112012031342
112016009555
112017017026
112022025170
0619595
112023000203
112019008064
112016024641
112022009518
122021000920
202021001275
102023005314
112015022945
112014010630
112022012218
112022024835
102017003456
112015019286
112023002398
112019010305
112022022170
112017003054
112020002655
112015030412
112018015141
102021014465
102017025123
112022021860
122022015729
112016001076
112023000135
112018014726
112022007101
112022018311
112022025651
112015018118
102018071413
112017006228
112022012334
112022013124
112018001601
112018074570
112021023806
112018016320
112017000089
112023002925
112021026094
112017028535
202021002117
112018012721
112023013313
112016018800
102017013895
112014017509
112016013623
112019012520
122020004104
112022024814
112016021663
112019002838
102013028068
122019026701
112023017800
122020007729
112023003365
122016024992
112022018105
112020021822
112019021401
112022020390
112018010875
102021009716
102016023266
112022010920
112022016286
102021012711
112019008434
112012008195
112017025218
112020011729
102016022807
202022007657
112022016237
112019020746
112018003822
112022011000
102022025738
102014004402
102019006941
112023018519
112022009977
122022019343
112014032056
112020009399
112022014358
112018074732
202021002865
112015023481
112022007644
122022017521
102015016489
112020011203
102022013331
112022012090
1014572
112022003188
112022013004
102022025048
112022020830
112019012726
112018002777
112022013356
112015026240
112018072148
112022021543
112022013680
112017008629
112023001187
112019025621
202017023942
112019005485
112022020278
202022009554
112018002057
112018000273
112022020083
202018008652
112016009494
0811140
112023013658
112017016883
112022014530
102016004486
0911429
112023001635
112022013452
112023019592
112012018232
112023005536
202023011612
112019003654
112019012879
202021019744
102014017835
112019006417
112022007948
112017023129
112023003362
112021023832
202017016822
112022011646
102015025992
112022005756
112023019609
112022023214
112014031223
112018073010
102017023103
112022027124
112018067581
0720691
102018016489
112023002792
112016013463
112022007115
112016020841
112018067318
112015005285
112023019263
112017018439
112014015106
102021024153
0814659
112022025004
112017028226
102023004268
112022026524
112019023732
112016023155
202022009870
112015025910
112014001800
202022010431
112017005927
112022007318
122018074319
112018006760
112022011709
112015001615
112014032106
112018008354
112023000152
112018008107
112023019052
102021021097
202018073075
112023020557
112018067644
112022024710
102021014263
112014028399
112017001426
112019022255
102022002574
112023018098
112022021892
112019007142
112022020714
112023017803
102015010715
132021008990
112016027043
102017015882
112015013657
102022011499
202021004681
112022004182
112018006298
102021014418
112022015964
112022016259
112019019460
112022020383
112019001456
112022024647
112018002222
112022026864
112022015258
112016020447
202023001155
112023022096
202018075012
112023020740
112022007827
112019001491
112019006568
102018074541
112019011323
112022013957
202019008571
112015032956
112014032932
102016011969
112018074624
112018002217
112023014600
112022020500
102016003654
122020013909
112022016671
112016022218
102017023231
112018006269
112022016992
102022022485
122022009663
102022004538
112022008640
102019018828
PI0919761
112019024391
112020008984
112022012498
102016006480
112015026337
122022000451
102017022293
112021019832
112022008651
112022017675
112018008233
112022011033
102022007778
112022023139
122020011331
112018074474
112022022862
112022020944
102022009050
112014021961
112022026384
112023019277
112018002616
112017022510
112017027558
112022019382
112023018625
112017004019
112023020741
112014031555
112018071047
202021006023
202021013737
112018071400
112017021615
122020015411
102022010734
PI0924534
112020002075
112019002092
102017021429
102021018850
112022010742
112023004153
112022009065
202021016491
102022008319
112022019768
112023014255
102017019239
112023002049
102021019713
202021019494
112014001299
112014032210
112022015804
102018016769
202020024776
112022014122
102017008545
102021016489
112022013245
112016028425
112018007743
102018074536
112023013449
112012012250
112023005644
112016026187
102018009669
112022012864
112014022643
112022003099
112022011301
102021015192
112023018949
112022018812
102021004374
122022000691
112022022508
112022022481
112023003272
112018000299
112017019213
112023019506
102022021693
112022024496
112023002778
112017026004
112022024057
112018074297
102021003922
112023001337
102016017387
122023020735
102015002777
112022022870
112023017891
112016004236
112023015460
102021004571
112012020891
102021021017
112023019014
112022006834
112022023571
112017024526
112015004140
112022008958
112018071777
112023000770
112019019708
112018015252
112023014938
PI0701089
112022014875
102023011456
112022014677
112022025123
112023014185
102021015528
112022003233
112017019130
112017019624
112022006974
112018011414
112022022900
PI0617702
112023014736
112023006302
102021005211
112023001247
102023005662
112012001894
112022012786
202022007186
102023012440
112019024263
112022026609
112020005621
112022011089
112013011811
102022023370
102023007537
112022015194
112023021506
112022024048
102022008344
112020000171
112022023649
112016018954
112018068206
112022015149
112022019605
112018008605
102014011291
112018076704
112022022817
112022008985
112014021189
112023020131
112018004873
122020015734
112021006167
112022026937
112018004030
112019000156
202021005360
112019015698
102018004194
102018013697
112022011575
112023000919
112020007747
112023003605
102021020080
112016008033
112013005626
102023002555
112023016702
122017020302
112023002010
112022015352
112023018036
112022011940
PI1001976
202022012302
112022022881
132021018722
102014018992
112016019769
122022001631
112022013109
112012032979
102021012230
102018006857
202020026055
112023019638
102017023445
112022008689
112023005349
112015006766
112022011854
112020001076
112016013393
102021007975
112020004956
112023016456
102017014300
112018071017
112018004347
112019011795
112018009872
112022012096
112022021570
112022015430
112022021895
112017010402
112019011335
112017027561
112022019374
112016017739
102018007450
112019002763
112019009253
202017007655
112023004554
102022011242
102017007042
122019022551
112022003731
112019021264
112022020729
112021018405
112015023141
112023015363
112020012000
112023000095
202021001943
102022009877
102021004353
112022009616
112023021617
112016009890
112019006741
102017000210
102019006241
112022007749
112022026869
112022016929
102021003612
102023005143
112016006940
112023022186
112015006481
112023018914
102021017047
112022025230
112022022604
112019010048
112023002835
112023018400
112023018275
102023001474
102021013801
102021013839
112017008006
102019014321
102021025715
112019014553
102021014205
102022008277
112019007436
112023017335
112023021180
112023000099
112023001003
112019006548
112014031439
112022013418
112014030132
112019000963
102019001281
102021022803
112019001947
112022008734
112021001188
112023019458
112019000520
112021009846
112015013122
112022007308
112022010977
112015011729
112019016879
112023001159
112022022167
112019005974
102023005956
112022017959
202017008918
112017012250
112022009230
112020011970
112013004008
112018011599
202018075077
102021020003
102021020468
112023021121
112019000731
102016027864
102020026639
112022010356
122022021587
112014019285
PI0619947
112021005688
202020026279
202021004160
112019004192
112018075038
102016025489
102015028838
212023000032
102017019848
112022006782
132021009371
102016004209
112019020838
112014018396
112017018145
112019017261
112019026851
112023016273
112022006816
112023019558
102021010052
112022012115
202023000122
102017008010
102022005015
112023003776
112022005618
112022025149
112019006314
102023011985
102021020455
112022007769
112023013790
102021016407
112022015052
112023002820
102017023941
112016006584
112023018167
112017024365
112023000049
112022020457
202022007263
102016013656
112022021684
112019011959
112018074272
112018014663
112022013948
112022021799
PI1106763
112019009528
102021014200
112019001335
112022019731
112018075324
102016029389
112022012325
112019015051
112022024957
112021015076
102014012267
102018005500
202021017156
102022010467
202018013796
112017015372
112022021076
102021018330
112023015323
112016003135
112015027847
112017006639
112018008187
112022021921
112018005790
112023001928
112023018598
112020002606
112015028091
102017017521
PI1104212
112023020455
112022008892
112023003029
102022003671
112016005266
112020001418
112017023718
112017014622
112017000302
102018073471
112012005215
112016009320
102022007030
112022020962
112015006450
112022013807
112022025915
112022024959
112022012493
112022024352
122020012115
112022016746
112019000110
112018012182
112023005969
112017009736
112023017053
112023000254
122020018553
112019010088
112019023370
112022022872
102022007781
112023015282
102013010786
112022024837
PI0709356
112023015584
PI0714671
112023004793
102022005871
112023000090
112023001643
112019017233
112018010252
112015032010
112023005775
112023016553
102022019733
112019007950
112018002188
112018011197
112022017519
112022025816
102021004427
112015023372
112017000730
112019022795
112022018563
112017025555
112018008819
112022005281
112022020961
112019019404
102018008362
112022025094
112021006653
102015015450
112023016882
112023016075
112014026146
112022021117
112022022732
112016021852
112017014159
112022021455
112022008793
112022022191
112018012589
102015014596
112022006046
202022007658
102018069430
202017024317
202018075034
112023000412
102017018659
112020005598
102017001225
112022014529
112016026124
112022027071
102017013706
112018002084
112018067500
112019021283
112016015717
112022018974
112021020512
112021001649
102014028009
112015023568
102022003769
112022010164
202017015522
112015029477
112019007454
112018071890
112023000001
112019025345
112019008752
112020006794
112022005812
112016020416
202021012356
112016030307
112019020734
112016029914
112022019081
102021007577
112023020828
112022006821
112017019896
102021016242
PI0605970
112017021666
112022024153
202021006998
112022016243
112014010177
112022018636
112018072039
112022026255
112020008366
112016017592
102017020226
112015029440
112022021735
112019004441
112018069115
102016000227
102021016838
112023001388
102018013590
112017000497
112019003106
112022008803
112023017957
112017003972
112018002294
112022013523
112023019445
102022000498
112016027704
202020007404
202022007930
202018005323
112017015627
112022021510
112023020204
102021006775
112023001005
112022007271
112018075722
112018075926
112020000740
112022008471
112023003662
112023000467
102022008088
112017028418
112022026617
112022018905
102021017362
102022006571
112018077288
122018012488
112016006571
112017001586
102018016042
112019005958
112020010439
112015007587
112015031441
112022015878
112022015232
112017020387
112017005747
112023002333
112022023963
112014028128
102017001259
112020017674
102015018263
112022015628
112022020853
122022021919
112018069486
PI0822676
202019003374
112015033065
112022018113
112023004167
112018006032
112022015246
112022023440
112019006262
202021000254
202022005151
202021012664
112022017436
102015000251
112017022108
112022020680
112017011910
112019027713
112020007496
112017004237
112023019977
112018070671
102022017486
112023001595
202020024628
112015008972
112023018590
112014001793
112016007037
112022020194
112022018029
112023018869
112022017008
112023013901
102021008394
102022013909
112022016162
112022027120
112016008331
112018001180
112018003411
112017020490
102023000440
112016029047
102017011087
112023009253
112016008213
112018002682
102017009774
112022026435
102021004033
122020005031
112023021156
102023010755
112022010166
202021003283
112023006138
112020012743
112022007283
112017019031
112022010541
112019018343
202021022725
112019005313
112022026601
112017028337
112017006209
112023016445
112018005330
122019024196
112020003992
112022012734
112022023077
112022016024
102021013510
102016010571
112016002278
112023019895
112018014064
112021018226
112022007007
112017022503
PI0309918
112020008985
102018075045
112023021273
112023019828
112023003243
112019013262
112023018000
112022017051
122020018275
102023001824
112023018672
112022012077
112018076669
112013006320
102016030554
112018076989
102016027726
112013020486
PI1105913
112022023055
112015021403
112021021463
202017027740
PI0712663
112019008047
202021010605
112023002335
112018068599
112017011781
112019017708
112017025511
112022019208
112019015590
112022013118
102021018190
122021004509
112016018429
112017006560
112020003636
112022022775
112021020064
202017014699
112022016073
112014032526
122020015256
112017007805
102021013686
112017010439
112019001112
102021019828
112022018883
112015009259
122021022523
112016017203
102021013246
112023018849
102023007832
102014030429
112022013335
112016015622
112022002700
102022017576
102014013630
112023001279
102020026613
112022013942
202016024345
112022014952
112018013565
202023010382
112023016350
112021000401
112020006741
202017020059
102023006131
112022004974
202017012293
112018077147
122020007931
102021017817
112022007874
112018002381
102017004993
112023018874
102021018522
112022023178
112019012614
112022021917
112022011226
112022005975
112023003047
112023017222
112017023082
112019007724
112023020013
112023017036
102015029111
102021018052
122021021251
112022008800
112022026248
112023014191
112019021017
112022019873
112018077416
112023016850
112018075828
102022008334
112022002638
112022019893
112023021496
122021004916
112018016537
112018007639
112022019389
112015029182
112022012010
112023013962
112018007044
112022020322
102016009975
102022003102
112022014753
112022011656
112018003800
112020001835
112022016351
112022024875
PI0704556
112018076983
112022018771
112019001695
112018074331
202017025919
112018006297
112018012595
112023015618
202021016880
112018008404
112023019094
102014015682
112023002741
112016029877
112022023101
112022018315
112018014939
112023002279
102018002014
122019018152
102015020343
112018067437
112017007221
102018075326
112016028205
112020025478
112022026651
102022013441
112022022846
112022008493
112022023865
112023019002
102019002908
112017022212
112023001020
112016009207
112018072252
112023019201
112023004438
202017004654
112017009457
112022025710
112022005202
112017003446
202022014696
102014022164
112018068286
102014000642
102022009008
102015027960
102022009718
202022011090
112022026271
112016002770
102021016701
102021009224
102018070297
112018011826
102022004758
112022012717
112015025577
112019012561
102017005145
112022020436
102021000839
122020018232
112019002603
102017025054
112022010101
112019017522
112018070058
102016030372
112022009930
112020023420
112014015962
112015015221
112022023951
112023014399
PI0806167
PI1004108
112018077071
202020021515
112022013126
102018015231
112023019564
112015010993
112018004103
102013033604
112017020007
102013018337
112022010328
102020026289
122020006907
112022026184
102021014016
112023016967
102018004778
112019001111
102021021570
112023002801
112022009609
202018069787
112023000293
102019027694
112018011946
112016009573
102021016039
112016030467
112023001228
102022006531
112019024876
112022023052
112019003536
102017016702
102019005845
102021013914
112013000185
112023001229
112022013875
112022011138
112015009488
112015000945
112020007166
112022012900
102023002243
112023017117
112023001195
112018013551
112018010763
112023000727
112022010611
112017027364
112022022178
202021001352
112018003697
122022021055
112019010872
112022020753
102016018180
112022020991
PI0809600
102022003481
112023019357
112018076297
112023016495
112015017590
112017006572
112022018612
102022005536
112022012181
112020008885
112023005011
112022013235
112019005947
112016018694
112019018508
112012008065
112023016400
112022026117
112018009387
112017027856
112023000294
112018074734
112019020147
112022016685
202021013079
112018007235
102022008939
112012031558
112023018785
122022020775
112015009857
112022024226
112022008446
202022019008
112019009663
112014001056
112021023844
112023019435
112022026893
102017019748
112018073072
102022004731
112020024224
112022014957
112018009968
112019013190
112023018971
112022020990
112019003984
202023004450
112018002265
PI0707380
112015010019
112014015684
112023017230
112022024449
112022013834
112023005289
112022008378
112022014904
112023020176
112013031729
202019014437
112022022082
112020008024
112019009703
132015030930
112020010190
102022010796
112023001013
112017026369
112022023957
102023018917
102021011092
202017017735
112018069272
102021007264
102013020622
122020015455
112016006947
202021000384
102017009578
112023016329
112019001029
112021012455
202021015657
112018073706
112023005333
112019026535
112016030758
112020007426
102018001436
112015013399
112017003326
102022000440
112023018669
112019002322
PI1000958
112022016452
112017025975
112016016954
112019009372
122021021288
202021007054
112016017586
112022009278
202021017767
112014009238
112022024404
112023021618
102022005191
112023003671
102021002142
102019026458
112022018586
112017022188
112022022606
112022015852
112022018000
112016015776
112021010020
202017025300
112023000305
112020023961
112022021602
112022007053
112018073248
112018075304
102021011962
112023019549
112016006125
112021021289
112021023445
202021013307
112015021615
112018017295
112019007842
132021014187
112022016379
112018068692
102018015618
112017002534
102019020995
112019003507
112018069948
112022009255
102021023690
112018073597
112022013213
112017016158
112022016863
112022016612
112023018542
112014025381
112023000358
112012025874
112018073459
112016005722
102017019851
112022005775
112017017439
112023006008
102017022985
202019000754
112019006115
102023015192
112017011941
112023004105
112018017036
112014002711
112023000222
112019002750
112023019156
112017018566
102016023509
112018010727
112017000351
112022015767
112023000550
112016008975
112022021028
112023017116
112022012434
112019007012
112022024632
102013021703
112022012431
112018007706
102023003718
112022006439
112016015811
112019016767
112017015786
102022005780
102017005291
112015006176
112015031417
202021011556
102014011684
112022018562
112023022312
112023019152
102021007828
112023017510
122020018178
112020007057
112018012319
112022017189
112020026630
112016020333
112019002053
112022020068
202021008154
112014007465
112019010047
112022011910
122022005104
112016029163
112016005447
112023019534
102021014049
132023008488
112022016074
202021002869
102013001761
102021016134
112023018401
102019024931
112018009024
202016023671
112022017141
212022010130
112022014972
112017026310
112014019459
112015029785
112018011566
102015010606
112019009248
112018000972
202021011278
112018012186
112020022073
202017013173
112017025958
112018007503
112019011470
112018075522
112016022042
112018002801
112022024983
112023011968
112023017296
112022020857
112015032594
202021014142
112022012993
112021001661
112017013864
112022012093
112022007990
112018010890
PI0805072
112018074291
112022002698
112022017118
112023004774
102017008355
102022020532
102021002373
102019004086
112020011210
112023017294
112019009669
112018070661
112022010471
112022011538
102017027403
112017019001
102021008467
112022024850
112017023467
112017026229
112022012686
102022015024
112019000197
112023000158
112022023418
112022014561
102022004387
112023002559
112020011834
202021017572
112022017033
112016029175
122020025290
112022008432
112022007715
PI0900455
112018008341
112017020785
112022007720
112023016056
112018073092
112022015709
102021013930
112015017072
112023005230
112022012317
112022011325
112020007900
112022026158
122020002120
112018016740
102016028723
112016026803
102021025404
112022006060
112018076538
112022025160
112023005832
102022015850
PI0721639
102015031383
112022010170
PI1106211
112019012448
112023000607
102023008402
102015000145
112022020754
112022007362
112018012152
112023018020
112013030469
112018075708
112023005810
112022027093
112015007458
112018007759
112022026799
112022020739
112019004925
112021003369
112022021600
102018075269
102023016052
112022010831
112022010260
112015015611
112021010145
112023017934
112023000149
112022027056
102016009870
112019021600
112022026855
102015031645
102021017563
202021007581
112018071323
102022005363
112023018367
112022014455
112018074146
102022007485
102022006661
112022014995
102014022520
112023018086
102021016551
112022017693
112022013763
112014024953
112017003859
112022019157
102018004664
112023001897
112016030272
112023016470
112023013375
112022027107
102017004471
112023021392
202021014772
112018009527
PI0611171
112022010157
112023002455
112023003329
112022001508
112019008186
112018004732
112019013065
202018073425
202022023466
112023002469
102018005550
102017000982
112022015148
112023004831
102022017883
112022026412
112022011884
112022013154
112023005479
122022014776
112022022783
112018001587
112022015150
102015001059
112023002690
102017004255
112022014355
112023000156
122020009912
112022009629
112023001048
112022024223
102016028189
102019010991
112023006151
102022001526
112023001098
112022016009
112023014308
112022020869
212022003223
112023005445
112018009988
112019019130
122021004606
112022025394
112023021865
112019026261
112015007209
102021014199
112015006856
202021001028
112022019482
112022022378
112022008222
112023021966
112017028181
112022009283
112022011723
102018014050
102015024420
102019003452
112022006396
102022000079
112023005012
112018015190
112019013090
112022016916
102016024185
112016024971
102022009016
PI0715163
102021020542
112015000325
102021020526
102018072156
112023002060
112018070065
112023021301
112020018252
112019009802
112022026247
112022009770
112018073084
112022023277
112022018153
112023004005
112023001639
112022010487
112014007426
112020004825
102018013508
112022015236
112017021584
112022020345
112016012048
112023002458
112023000595
112021013598
102021009826
112023005367
112022009455
112020014673
112023018663
102018010327
112019024117
102013004912
112021022532
112016024829
102022001466
112023001686
112017009049
102014032073
112023001199
202018070334
112022018227
112023001615
112023003360
112018074399
112022011371
102022015108
112020010281
202022006664
102022019109
112021013267
122021014201
112018072271
112015014277
102016025041
202020018542
102021020286
112016000132
112020006088
112017002827
112020016580
112022024599
112014024850
112015020060
112022010088
112021002528
112022023556
112020001279
112022017657
112016030233
112016028927
112020010914
112018075566
202018068258
112023002198
112022007470
102022007000
112023018168
202022021859
PI0921304
112022013733
102021017493
112022013436
112016030703
202017004609
112018007781
202021003868
132021012044
112021009847
112022022559
112023017552
112022021648
102021006066
112020019759
112023001828
112022016457
112022010224
102021016804
112023001440
102014025034
112019016917
112013009147
112023006301
112022011922
112016009683
102021012079
112023000867
112016022722
112020007847
112018003503
112018072328
122020015319
112017023181
112022009492
112015001983
112022025572
112023021055
202021003287
102021007100
112022022305
112022013303
112017000411
112022015379
112020006003
112021006080
112017001483
112018008204
102022004619
112022014729
102021013904
112018077258
112016015854
112013020327
112017014203
112022025906
112019005192
112017021703
112022019593
102022007301
112023018148
112016024826
112022019932
112015020350
112022025245
112019016352
112018014452
112017015301
112022013505
112022018232
102022002760
102018072873
112016026041
112019013278
112022023395
112019005469
112022026866
112020004796
112017007551
112022006975
112022020612
112022026586
112018076186
102021021459
112023020930
102022017024
112022021875
112023012455
112020007253
112019015163
102019000825
112023001575
PI0718645
102022010548
102017025047
112023002527
112018004375
112022007999
112022025045
112023021293
112015008745
112018067570
102019014861
112022010460
112022015662
112015007743
112019001680
112017024354
112019003016
112015025459
102022020651
112023020415
112022018915
112023001800
112022026960
112022012338
102022017151
102015012624
112022021267
112022017268
112018002742
112019002228
202021005100
112022009147
102023001797
112022014909
112017001479
112022011477
112020023934
112017011042
112022013322
112014030325
PI0822931
112018074566
102022016196
112019016875
132023001191
112019003070
102016005264
112016019823
112023020288
102015021201
102015027544
112020016891
112019012091
112023003983
112014024410
112022021142
112022019052
112018012609
112022020896
202020025998
122022008602
112023016372
112022026044
112022022031
112022013138
112022009866
112022018163
112014027697
112023004423
112022021325
112018002757
112014024064
102022016627
112014004987
102016028630
112019008429
112023004258
112022007684
102016025273
112019020023
112022009570
112023006194
112020006363
102022012442
102016005493
112022020404
102021003580
112016026619
102022005042
112022016258
112023005839
112019001422
112018001549
112020004338
102015029963
112016030626
112017002636
112017006828
102017022429
112022020550
202021015974
112022011126
112022025330
112022010561
102021007024
112022009667
112019013468
112014032224
112022026402
112019000828
112022023897
112022011836
PI0818674
112019015176
102015006171
112023015422
112023005690
112022023651
102022021112
112018005905
112019009451
102017022940
112023000648
112021009891
112015032401
102021006034
112014024841
112023020861
112023012104
202021004559
112017001614
112016020398
112022023947
102021010256
112022012258
112022021466
112023002923
112023019179
112016006437
112023002193
102015010670
102022007475
112022020256
112016029544
112018003519
112023019568
112022027006
112022011280
112022024782
PI0803724
112023000765
102021010233
112016025520
112022011070
112017021079
202021025244
112022022985
112022009714
102017023654
102016002606
112020010129
112022013229
112022026880
112019026249
102016011934
112022022109
112023018615
112022007363
202023017384
112015022031
112022015887
112022005522
112023003007
102014030751
102022007201
112022014362
102023006748
112017024622
PI0621171
112017023287
112022014737
202017014638
102016008367
112022011985
112022018131
112015011478
112017025484
112022019191
112019000329
112022022327
102014004992
112022020370
102016026494
112017011249
112016014619
112023004117
112018068086
112023018293
112023000163
102016015357
102023016655
112022016377
112022020603
112023020226
202019005252
102015000922
102022020576
112016015793
112016015512
112018012692
102017023591
112015022530
102013011261
112019006849
112023021656
112019014393
112022009450
112019002613
PI0604027
112017008212
202018010810
112018071604
112020024632
112022012198
112022017503
112023001825
112015012697
112022009429
102021006902
112022010552
112023017706
112022013561
202017018625
112017007264
112020009928
102017019667
112022002167
112016030506
202017015325
112022008193
112018006770
112018004509
112023003361
112022020376
102014006224
112022019573
102022023305
102022007126
112019002935
112019017654
112019021095
112022009750
122022010728
112022024031
112019025064
112023019033
112018076505
112022021942
112022021927
112022023288
102016028545
112022015402
102018004902
112016028285
112016024163
112018012562
112023004179
202017005757
112022009477
112020021973
202022022938
112018069716
112018075358
112015024341
112022008448
112018011129
102021024294
102021018941
112020005971
102022002071
PI0919048
102023005712
202021019886
PI0722418
112023018056
202023008433
102019024406
112022015748
102018013096
112022007671
102021016774
112016009164
112023016017
102021019813
202022006900
112015031527
202020026041
112016022062
112022007522
112018074805
112018003188
102017022162
112017003270
112020016007
112013017481
112015017859
112015011995
112018072425
112022010168
112022012232
112022010333
112022007651
112018004396
112019020417
112023001451
112019003346
112022015595
112022019213
112022018678
112022022281
202022010949
112022017373
112022011424
102015006668
112022015559
112017022659
112023002415
112016030752
102023005231
112019021652
112022011790
112016013475
102020010058
112023005961
112017028179
112016001296
112020010493
112022017327
112016008070
112015030710
112022014406
112022016607
112022017813
112017015028
202023004291
112022008567
102019005114
112017011635
102022004042
112023000189
112019000600
112023003849
202022007911
112023017709
112020012193
112017014961
112017021169
112022018726
112018008680
102023005541
112023001832
102022003954
202017005787
112018071618
112023002976
102018008469
112022025435
112021006600
112014016907
112021001996
112018002070
112018007413
112022011243
112022015363
112022019825
102016025546
112023021822
112022020626
112022026509
202021019665
PI0917636
112018068112
112017010367
112022023594
112023014894
112021023801
112018006807
112018006167
102015024775
112018003680
112017004829
112022023618
112014002620
112018010686
102022000011
112022016540
112018017130
112022009602
112022017829
102016022567
112016018055
112022019646
112016014887
112017022925
102021019213
112022012437
112017006261
112013009379
102021012443
112017021610
102016030392
102021019046
112019001895
112018071457
112016026089
112019001009
112014020105
102016014136
112023001744
102022009292
112016027116
102021005125
102021003638
102022017286
112023000442
112023020303
102018007514
112022019711
112018074827
102017001781
112022026692
102021023643
102015026133
102019010451
112019013019
102022005908
112019018395
112023000281
112022025217
112015032121
112022018404
112019022649
112018016972
112022007444
102019023901
112023006324
102017022673
112022006946
202021009130
112023001722
112017027142
112016015612
112022019274
122018075074
112020012511
112019016459
202019011397
112023022135
102021017819
102014031683
112017023126
112022009281
112022027081
102021007738
112022011615
112018072874
112023019722
112014019444
112022021144
112023019857
112022014565
112022019428
102021017189
112015012444
112014029851
112013008189
112020004187
102013001866
112020010155
132021001894
112022010629
112018070601
112023017766
112022013460
112019019392
102022022945
112019012706
112023005642
202021023235
112023003839
112022015094
112022023722
112016028982
112022023364
112020022070
102022004541
112022024454
112018016005
112015008029
112023001066
112019011367
112018016685
112019002551
112015007466
112023002097
122022022202
102018070765
112017003421
112022010070
112022010065
102017023314
112023012481
112022013059
122021015057
112012033341
112023003572
112022022010
112023019187
112017028137
112017003987
112013004292
112022013396
202020024173
112016017899
112015024192
102022008882
112022004769
112022019762
112019013916
112022023867
122020025374
112015006874
112017003489
112022017017
112022021087
112017016116
112023000579
102022005032
112016024182
112016030631
112022026939
122021025776
112022026429
PI0907421
112018007894
112018068866
112023019791
122022001811
112022009192
102021002493
122021019783
112022021038
112022024467
102018017010
112022018615
112023003973
112016006865
102017000147
112022023510
PI0921858
202018012630
112022017901
112022019505
112022008504
122021020683
112022009176
112021001732
112023018612
102021013095
112022007922
112022010089
112023013550
102023008511
112019006991
112018076303
112022001427
112022011708
102016022125
112022012719
112022012409
112022015012
112022014819
112019004478
112012026117
102021021205
112017017319
112018071996
112023000427
112022026218
112022026252
112019011296
112023022359
112019021216
102018011904
112019013623
112023021732
102021018527
202023000170
112017025351
112023001443
112018016572
112023014906
102018001115
112018004747
112023017451
112022021001
112015022468
112020009544
202022001741
112022018002
202021009176
112022026249
112022018111
112018076609
102020022457
112022022452
102013012895
112018070834
112019014502
112023018541
112023005608
112022020582
132021000043
112015005052
112022010896
102020016736
112022015560
102015013561
112022014568
112021001864
102016005918
112017018533
112019001377
102016011599
112014017895
102014006094
112018076326
112018074767
112023020767
112023017989
112022008037
112022013207
102022015941
112020006155
112019008428
112021022123
112018007661
112022025073
112022022967
112017022349
112022024194
112023016141
112023016974
102021000292
PI0809158
102015028525
112019018160
112022021507
112023019012
102017008477
102018010909
112022007357
202020026806
112019021498
112022012842
102015015044
112022013446
202016018234
112017018491
112022027092
112017007311
PI1104631
112022024063
112020016092
112023013251
112022015340
112018076182
112018007809
102017010147
112019019818
112021002827
102015030183
102019002916
112012025872
102022015514
112018003898
112023001707
202021005332
112022011899
102017023031
112018074151
112023018822
112015000996
112018076676
112023000623
102015028262
112022015921
102023006557
102016022397
122015001000
112022014528
112022008601
102022004950
112015023752
112016016546
112023001798
102021002585
112023003529
112022022520
112023012441
112022007664
112019019900
112018073676
112020010125
PI1005774
112022014375
112022015015
112022015896
112018010990
202020026397
112023002641
112015024234
112022008019
202021020085
112023000093
112017019632
112023001112
112018006913
112019000091
102022006181
102021023052
102018014532
102022008345
112023021511
102021005109
112015022879
112020012608
112019024061
112022022469
112022022575
112023020964
112014023466
112023018837
112016014010
112022007550
112022025202
112022023930
112022024077
112019003857
112022010378
112016002636
112016011094
102016019379
112015025115
112023005484
112023006204
112022015877
112022023503
112019000855
202020023739
112022025288
112022023295
112014009941
112022015892
112022012908
102017028177
102021010075
112015021941
112015016566
112022011341
112023021081
102014015637
112023014582
112016020276
112018068329
112022022885
112014015820
112017001512
112022013253
112018010291
102022011384
122020019077
112022019637
202021009559
112022010962
112023017499
112016019492
112018075602
112022017921
202017025617
112023021859
112020010242
112019008867
112022014670
112017017948
112022021753
102022013002
112022019611
112017010113
112017002770
112022014165
112022024274
112018068367
112023021870
112022026839
102013028236
102015031182
112016004979
102022009970
102016016561
102017004050
112023004874
112022024992
112022021275
122020010663
122022000294
202021018105
PI0809831
112016014154
112022014764
122022004502
112022014586
112015020071
112017019915
112015031568
112022012866
102022006468
112022019121
112023019246
112019006079
102021015423
112018008125
202021014628
112018077268
102021011675
112019025246
112022025078
112015026027
112017003406
112017010173
112022019698
PI1006232
112022020675
102022005365
102013017772
102016008305
PI0718782
112023019337
102021014076
112023002585
112017002152
112014004211
112014029526
112016015426
202021002140
112022009407
102015020086
202021016479
112022015072
112022022863
112022016971
112022017237
112022011284
112022012118
112017020460
122021026665
102021013899
102019015240
112022010905
112023019479
102021000707
112018010122
112022013544
102021005426
112022011386
202023015089
112022016091
112021026157
122022021922
102022006519
102022000675
102016017395
112013028206
112019008399
112022008890
112022021495
112023006232
102022010304
112015016230
102016018050
112022020320
112019015641
122023024004
122013026810
112022022248
112022010537
112019012079
PI0802052
102021021115
112022020086
112022020232
102021018142
112019009507
112014021487
112023017681
112022011392
PI0701717
112022013062
112018002226
112019025288
112015032432
112023001725
102021010459
112022026182
112014002097
112022010314
112019000989
102015000180
112022013513
112022008815
112016007375
112023018283
112022009803
112020000440
112018069056
112019009723
112015000868
102023010316
202022009122
132018075226
112023016896
112023010175
112023020036
112022024966
112015023507
112023000580
112022002872
112023020633
112018068893
102016003789
112023017850
112023021764
102022011040
132021018246
112022005811
102022017981
112022014289
202022005338
112018003427
102021008389
112017027977
112017027348
112018007524
112016015820
112017008891
122018012705
202023005027
112023016656
112022024070
112018017009
112017017822
112022016593
102020026673
112021019431
112017025268
112019005056
112018069551
112017009865
112020024519
112022007926
112014011915
102021000993
102022007154
112022020767
112018016176
112018000226
112022009721
112019019172
102022005303
112017027386
112018067285
202020007473
112018073869
112022008987
112013018809
112012000830
112015001587
112022012003
112022024802
112019014411
112018015926
112016012877
102021019806
112023002194
112022012199
112018017279
102020026689
112022026815
112023018525
112022025911
112018014940
112017025909
112018007843
112016009215
112023003171
102015000880
112023013991
102022003349
112022015570
112012026081
112023001951
112016017221
112022006643
PI1106790
112023003673
112023002658
112022020948
112020004471
112018071907
102018006941
112014017923
112018077366
112014027348
112022019297
112022014711
112019001574
122020015465
112018006190
102021003270
112022024453
112018070409
112022018142
112016017260
112022011144
112022021082
102016004190
112018007292
102022011145
112022013681
112015005199
112019002591
102022011898
122020008947
102022008977
112018016103
112021020258
102023009558
112022021738
112022017849
112017025031
112022023558
112020007015
112022009723
112015028078
112020012480
202021026225
112022023958
112016025875
112019016275
112023000766
112015026810
112016017278
112018007218
112018015342
112022017413
202021013550
112022007804
112023021976
112022000081
112019016844
112014012727
102015031348
112017022048
102022015672
112018069249
112022011819
112022002856
112018013529
102017012085
102016020205
202022007771
112018000279
112022014172
112016028953
202021020341
112015017066
112022019021
112022019156
112019013302
112019007640
112023002598
112023019721
112019011337
112016028295
102023011512
112022023887
112020004514
112023005158
112018012330
112022007882
122017019647
102021020862
112018012312
112023019595
102017015633
112022015382
112022014148
112023005032
112019025291
112022025652
112016008799
202021003205
112016013575
112023022445
112022013220
112022016854
102021004332
112017027367
112022015326
112017008908
112021014149
112019006795
112022016985
112022025159
202023015999
112020006545
102015008886
112019005229
112017024891
112019006965
112022024885
112022015624
112022016355
112017009842
112022018067
202021019320
112017026221
112018001862
112018003293
112018009193
102021015202
112022006887
112023021472
112022025113
202021010808
112014024888
102018069077
112013004655
112023005401
112018014012
112019010282
112022021264
122021014365
112022015162
112022018217
PI0902713
112013029136
112018004091
112014030386
112018017108
112023021785
112022026714
102022007464
112022023893
112022013963
102017020487
212023021406
112019000942
112022011737
112019022621
112018003208
102016020094
112014029743
112022013466
112022024884
112023001063
112023005092
112022011657
112022020722
202022004300
112022002732
122022009501
102022009682
112016013926
112017000490
202018075812
112017022581
112018014183
112018008578
102022006825
112022004700
102022026196
112022009105
202022011101
112023020098
112019015417
112015001949
112015027949
112022016039
112022001863
202022007524
112014003553
102017015871
112020021810
112022016376
112017000086
112023001566
122020015659
202021020795
112019005906
112021003827
112016024626
112023001339
112015022625
112022014389
112023004355
112023016048
112023006087
112021000936
112017017549
102014027381
112016016910
112023021611
112023014074
112023013484
112023019738
112018008550
112022008300
112023014699
112015015647
112022016026
112022012927
112016015546
102022011239
PI0704688
102022003009
102021011721
112018004863
112020012640
112022011441
112014018207
112021022088
112019026879
112022020559
112022017162
112022006680
112019014758
102018003275
202017017068
112023016934
112022021226
112022021700
112022026396
112023005770
112018068787
112015001502
112023000724
112019014246
102021000356
112014006432
112022022939
112018071813
112019009625
102021002087
112021015535
112023018214
112022017568
112017012121
202022019994
112020026945
102015005112
102015011553
112022006906
102015024914
102017017301
102016014614
112023017883
112022022591
112023005619
112023020201
112022008729
112019002319
112023001083
112018071021
112017005113
112019023356
112017008838
112014001978
112017005533
102022008573
112015016561
112023005248
112022015929
102014026739
PI0806737
112019023091
102021004067
112020021479
112020020664
212018070320
112015027087
102017002184
112022019304
112018006287
112022026533
112017016325
112013022793
102021016273
102021005846
112019023059
112022002599
102022010432
102022009913
202017026220
102021018264
112022010303
112022011398
PI1101271
112016009575
102022015489
112020002712
112018014883
PI0818162
102016003739
112022007831
112023003279
122022011401
112016001482
112021005191
112022013510
112023017126
112022013147
112022014136
112023018964
112023003770
112018070789
112015005288
102022001895
112022022490
112022022397
112019008137
112020004958
112019005527
202022008540
112014024067
112022023148
112022014286
112023000273
102017026776
112018015462
102017022279
112018067590
112022009353
102017004389
112023020876
112019007167
112019009668
112023001861
112023005376
102022011186
112016011585
202019005049
112016002822
112022024020
112022025181
122017021402
112015030325
112019008529
112022018495
112023021680
112022022714
112015024196
112018073852
112021025867
112019001876
102015018187
112019017699
112022005621
112017026558
112016013021
112023005040
122020016649
PI0922737
112017006753
112022013200
112016027384
112023018737
112022020384
112018007098
112018076561
102016002528
102018069574
122023002323
112017025387
112014012747
112023001091
112015015425
102017022213
112023003427
112023020857
112020006176
112018014946
112017012414
102017010739
112020003125
112022020614
112019002800
202021007639
202021025954
102022009364
112022021855
112023002964
112022010709
112017007033
112022015706
112023021151
112022016526
112022025534
112023002106
102018012735
112022016898
112022018100
112022013236
112015023591
112022002581
112023019347
112019021352
202018004932
102022009299
112018012827
112022016843
112022022774
102022005645
112022015302
112023012330
112018011260
112016025825
112023020834
112022009944
112018076784
102021008391
112022016281
112018072224
112022018706
112023019414
112022022504
112018067930
112020014337
112018074523
112019000321
112022009748
112018004704
112023002549
112023018868
112017009502
202022018971
112022009036
102021013131
112013027140
112023005708
112023016779
112018006172
112019022726
202017024081
PI0801883
102022002952
112015023017
112023002006
112022020920
102022009124
112019026267
112023014265
102016004125
112022004143
102020026059
112018012592
112017012813
112022012351
202018010807
112022021024
202022006281
102013016646
112016013932
112022021837
112019012223
112015028126
112014022171
112022019101
112022019782
202018071326
112017010882
102014018890
102022011198
112019011753
112018016444
112023002779
112019006755
112018004705
112017027110
102018016140
112017016455
102022015291
112023016755
102021020798
102021005349
112023018190
112017002386
112023016212
112018069405
112022023949
112015027253
112018000968
112022004896
102021003844
102018015722
112018075840
112022005143
112022018097
102018013041
112022026971
112022026845
112019002886
112015012507
112022010066
112022010087
112013011448
112021013950
102021022835
102015006748
102022010803
112022010565
102021006470
112017007953
112022026250
112012014006
112020002758
112022019034
112023012951
112016004674
112022009052
122021015246
112017020831
112022010176
102016011011
112016001783
112018010528
112018077124
102017024452
112022013545
202020023724
202022007569
112017012736
112018001884
112020016943
102015027573
112014024382
112022018354
102021015681
112019021768
112022014079
112018071985
112022007901
112023017547
102016028938
112019017664
202021013683
102021016098
112023018009
PI0803627
112022008705
112018070440
112019010296
112022023146
102021003083
112023017753
112022002776
202019009935
112023000391
112020024218
112022011167
112023003282
102022005234
102014025534
102014004597
102018000105
102021009521
122019019608
112022025122
112023006042
102017001020
112018072315
112018017283
112020002146
112019024326
112017020503
122020006579
202018013666
112022008916
102023014821
122020024283
102023008544
112022021339
102022009394
112022017961
112022021858
112019018722
112016009884
112016015351
112022023008
112014010811
112022020581
112018075053
102021018233
112023019154
112023020104
112023021257
112022014135
112022010278
112022005619
112017027579
PI0819526
112022021281
112019007896
112018005697
112015024695
102021017959
112023018223
112022022081
102021013523
112017006350
112016029437
112016011805
112017006425
102016024029
112023000527
112022008151
112023004242
102015015356
112018009325
102021014214
102015004870
112022022126
112022026766
122016026467
112018005765
112016007989
102021016139
112022013591
112018075476
112022015456
102021012717
112019022155
112020012077
112023018912
112022017631
112013033005
112022011414
102012031875
112022016680
112018068219
112023021393
112022018723
102017027430
112021015164
112023001266
PI0819273
122020013613
102021004173
102022006228
112018068326
112023018211
112017027675
112017008057
112019006661
102016009508
112016019666
112022008808
112017014099
112018070551
112023001015
112022026316
112017025261
112018074875
112014025183
PI0802499
112023003463
112022004983
112023000284
112014016940
112022012111
112023004219
112023018228
112023015472
112015000657
112018001051
112023016998
112016030388
122020007668
112022006003
102022006837
112020012091
202021015802
102018001810
102022015713
112023019896
102018005900
112015020684
202017026597
112022015816
112021013893
112018009936
112022017381
112022010507
112017017989
112019010592
112019018023
112020003921
112022016031
112023004320
112016000862
112022016359
112022014847
112022006620
112022013089
102021009291
112018007041
112023018573
112023006262
112019024981
112022012095
102018014892
112019002686
112023001531
112014026311
112022016368
112020016550
202021003903
112022018351
112017022137
102021007462
112019022448
112023019409
112017021921
102022009562
112018015353
112023000023
112022014508
102021015787
112023000882
PI0803782
102022006000
112019016636
112017008519
112022014059
112019006980
112023012291
112019026527
102015019385
112023000949
102022014345
112022021762
122021004598
112020006542
102021011740
112023002729
112016022558
112021018484
112022025340
112015004216
102015029002
102022002744
112022013459
122022003521
112017014034
112023001522
112020008464
102021005624
112022007290
PI0816951
102017008592
112022007460
102017024022
112018005787
102021012291
112022019012
122022002355
112018015043
112020000997
112023020372
112018009025
112018010144
112022015335
102022001827
112023018521
122021004485
112013033488
112022019392
112017009630
102021016123
112017020006
102018077054
112020012240
122018074172
112016016158
112016017944
102017015050
122020003206
112023001361
112018074785
112019009519
112016000629
202021023366
112022010986
112022023389
112023005693
112022014835
112016028063
112018004159
202021002627
112018000996
112022011463
112023020498
102018017230
102016020076
112019011624
112022008571
102022014856
112019004023
102018012789
112016011170
122023004130
102021021552
112018010967
112022011821
112023000037
112019021958
102021019608
112018074977
112016017087
112023014980
112016016558
112017018276
112022015939
102021014512
112023000413
102016016736
102015032499
112016026172
112015004864
112023018582
112014014816
112017005853
112016018833
102015026107
PI0923560
112022021673
102017008684
112018006504
112018014547
112015030914
102016018227
112022015388
112020016343
112014013332
112020000406
102017019224
112018069693
112016019813
112022007404
112023000270
112016002001
102022008407
112020014345
112023017645
PI0811779
102020024754
112014029343
102018017297
112022019128
112022026535
112015015024
112023021149
122020016865
112023018986
102016003364
112022026710
112022021436
112018067891
102017028396
102016029546
112023001610
112017016312
112018077422
112018006512
202023008432
112016019409
112016030489
112022015979
112015003089
112017014884
112022013812
112022011084
122022017776
112016026951
112018014263
112020001467
102016000759
112022007228
112020017481
112022026536
112023000671
112017027156
102022013024
102018008029
112022023031
102017015250
112021000378
112019011484
112016006122
102015032436
112023004646
112020004024
112018074579
112015017913
112021022675
202021002057
112022024044
112023021917
112022008906
112018014965
102021008912
112022022412
112022011909
122023008838
112019016607
112014026026
112023002056
112019010707
PI0914031
102022007490
112022016133
102019011528
102022011313
112016021671
112018001106
112022022611
112019019663
112018015087
122019017719
112022027130
112023000854
112022016080
112019005889
102022007155
112016011288
112023002171
112018013318
112016026034
112019011458
112021000361
102021002861
102022005320
102021010080
112016008155
112015021097
112019013583
112023002480
112022021703
112022024711
112014007896
112023018875
PI0902591
112023001838
112022014490
112023017719
112020001338
112023018566
102016025114
112022025355
102020019571
112023017833
102022007956
102022006457
112019026872
112022002413
112022024856
112022011150
112013009496
112015000563
112022013594
112017011396
112014020831
112023020275
112023016069
102017011244
112016000556
112019025744
112022019719
112022023610
102021004778
112019004245
112022022799
102022007594
112023020552
112022013434
112019009038
112022007708
112019008004
112022014453
112022019224
112023020052
102023007669
112023021586
112023003370
122020007918
112022020941
102021014663
112014027870
112022024307
112022023573
112016026974
202021009390
112018016397
112022025469
112017008812
112022024697
112022012711
102021002718
112022018471
122022017199
112023021640
112018001210
102017015271
112022023989
102017024972
102021018934
112014008254
112023003525
112015022784
112015019401
112023005797
102021015699
112022008417
112022023279
112022011355
122019004614
102014032639
112023005247
112016022907
112015000601
112019010025
112022002175
112022010004
PI0711548
112023017933
112022020801
102018069563
112018002573
112022021939
112017025463
112022013820
202021004306
112022012527
112023016143
112022018854
112021001778
112019020277
112018076670
112023017995
112019005210
112018000542
112017003386
112014011151
102017002336
112020000420
112019005562
112023003999
112022002278
112022013565
112016012839
102013018089
112022013193
112022003778
112022021843
102018008602
112016006289
112017017350
112016016329
112022010785
PI1012092
112019007619
102017005147
122023000524
112018076404
202021018457
202017005756
112017017557
202022004833
112016030636
112022019314
112019007801
112023021539
202021012529
112022008901
112016012833
112019015315
112023022075
112018011699
102016003183
102022016427
112022010705
112017025798
102022007359
112020013174
112023015461
112022004326
112019000590
112018016493
112016014653
112017003433
112023018829
112023000522
112023019128
112023001262
112017020664
102016004088
112023015937
112019015285
112017019789
PI0903294
112019000033
112023021439
202021001699
112022007746
102022019016
102022004846
112023005651
112022021412
112018069759
112023018860
102022006951
102017023804
112018007330
112019006140
112018074171
112022014564
112012033478
112022009969
202022016144
112019009407
112023002313
202021009514
112015015351
112022016561
112019019279
112015022341
112023021686
102020000409
112023005676
112023003659
112022023396
102017001930
112012002032
112022013058
102013024866
112022016448
102016027947
102021011563
112022020412
112023021802
112023018282
102018076329
112019008889
102016022024
112017004043
PI0920200
102022014290
112023001129
112022016878
112017008938
112022024103
102018076471
112020006546
102023003306
102013033868
202020020408
112022008691
112019002530
112018004879
112021004161
112018074351
102022011004
112023017448
112023002197
102022006172
112016016514
112020014587
112021006303
112023009116
112021013272
112016025960
112023000591
112015026531
102021014091
112023021473
112017025313
112023021163
112020016020
112015017548
112020011821
112021013967
112023019575
102015003925
112022023344
102018077007
112015005466
102019004533
202022006516
112015032794
112023000839
112017026236
112022017935
112022026870
102021003933
112023017286
112014000387
112015019268
112022022034
102013022476
102016013363
112016006666
112018071450
112018003516
102015025498
102014029493
112023015514
112019012240
112022016497
112019012571
102022011248
112022025722
112023018741
202022008323
112022010208
112016025203
202017008019
112022011934
202017010516
112023000466
102014018253
112022026966
112022008809
102019002876
102016011828
102022017844
112022006694
112021008524
102016024221
112023020756
112019013960
202022024862
102018069803
112012025005
112023021761
112020001252
102019002000
122022001553
102021003057
102020010144
112022022362
102021005383
112022008233
102018013372
112020002978
112018015392
112022010530
102016003815
112022024398
202021017271
112022011963
112021023836
202021018621
112020008986
112017008416
112022016712
PI0924930
202017018920
112018010822
112022023480
112016030772
102019026799
112019022421
112018075887
102017024656
102016002231
112015014152
112019017306
112023021044
112019012297
112022011480
112021010575
112022021162
202018010682
112017028199
112017024359
102013019872
102016005376
112023013653
102016028575
112018076928
112023017605
112023004621
112022011705
112018007182
112019000114
112020012206
112023004538
112015023269
112015021270
102016013676
112022009708
102022020737
112022026640
112015015813
122022014023
112021015238
102017026289
112022023325
112023006242
202020022188
PI0923330
112018077098
112022015397
112023015488
112022006995
112018071002
112022020957
112023003420
112023005197
202022004937
112016012106
112023019311
112019011013
102016008474
112018074687
112022018452
102017010652
112022020817
