102021015972
102017006907
112017027227
102017006908
102022009813
112023015733
112023020093
102023003710
112023019112
102022006685
102017007133
112018005833
112023008845
112023018206
112017008759
112016027534
112023005981
102015008336
102017014720
112018068264
112019025160
112023002087
112019019417
112013011240
112016007771
112017007271
112023002330
112019012882
112023000757
202021004757
112019015881
112022026205
112018004742
202021016819
112020010856
112023001445
112023001241
112015030282
102018013293
102021015593
112022026738
112022025105
112022025627
102017008470
102018009266
102017020557
112022025206
112022024930
112019001900
112022023987
112022023066
112022002391
112022021765
112022022477
112017010297
112022021190
112017002263
112015006983
112012020489
102021008211
112022018116
102021006986
112022017328
112017016833
112022016394
112015006716
112022013755
112022014006
102021006014
112022015851
122020017793
112022005351
112018076607
102021004721
112022014889
102016027731
112022014398
102022003618
112022010069
112022011302
112016013744
112022012013
112022010663
112022009672
112022009716
112022001045
112022007719
112022007976
112022006898
112015018520
112019014435
112022011295
112022026317
112018074135
102022010427
112017015378
112018076847
112022020018
202022008595
112022025162
112018068002
102017026638
112018006289
112020000143
112013002631
102017017288
102021012709
112022009465
112023000098
122020022205
112019001019
112016003873
112015015984
112020016531
112017028539
112016002571
112020006964
202017021263
112022019284
202018071916
112018075318
112019007571
112023001056
112015002605
112016024986
112017023201
112023021452
112023017667
102017010999
112023022437
122020015290
102021006452
112017017348
102013024013
112017016392
112020016424
112022017772
112022007353
112022014507
112018070814
102021018410
102017026766
112016023275
112023013287
112015007968
112023020821
122021014249
112019011002
202021002228
112022018476
PI0920002
112018000160
112022020434
122021005436
112013012245
112019026496
PI0619023
112022016044
112016021603
102021011533
112023020655
112023017011
112019020066
102012010953
102020026994
202021005289
112018006383
102018013279
102019006476
112019015805
112022023232
112019021969
112016020489
112013006783
102021021656
102020008284
112017022417
112023000626
102023004448
112019001187
112018008355
102016013953
112022016949
112022012388
202021018922
112015012213
102021017541
112022007193
112020001094
112018015519
112022020468
112017014632
112022013150
102022014806
112023016298
112021002565
112019011545
102022015347
112019018954
112018014357
112022010435
PI0618947
112022016193
112023019689
112019020827
202020020495
112018005625
112021004906
112020010687
112018068851
112018016098
112019018783
112020001577
102022009313
202021021096
112022012943
102022006731
112022024920
112019007948
112021004700
122022013454
122021004512
202022011100
202022007077
112022008056
112022008342
112016012417
112019005340
112022023818
112016017419
112022009001
112016025164
112022012808
112023000283
112022017210
PI1105526
112022026699
112022021845
112023021682
112022018657
202019015700
112022021897
102021014173
112013014458
102019023509
112018069923
112018006347
102021014359
102021026609
112019011970
102016029205
PI0911306
102016003900
102014023779
112019026051
112023020254
112019001514
112019012961
112016025022
112022011041
112016003165
102021002255
112023001932
102021025289
112022010020
102021021043
112022010682
112014021959
112020021641
112020019570
102021015852
112020023949
112022014951
112018000088
112021000060
112021026697
122020017853
112018006382
112023020242
102023004731
112017027385
112015007326
102022017579
102022010405
112021023200
112020020976
112022022815
112023000297
112022010264
112021017703
112017003558
202017016924
112022006482
112022018068
112016021735
112022015632
102023007435
112015024271
112023000264
112017026928
112012002411
112016024959
112015021269
112021022612
112022003157
112023019512
102021014811
112017021823
112023002387
212018000144
112018006040
112022020143
112016023322
112018015973
122021021494
112017025541
112017012429
112023000574
112017010415
112021004133
112020024304
102015018193
PI0611826
112023002505
102021018902
112017024469
112022021080
202016027239
112023017619
112018071211
112022011738
102022019371
112022020214
112022025705
112013008767
112018014428
112019012699
102021016950
112012019904
112013032380
112016003751
112017020671
112023014825
202021006800
102017022777
112023019158
112021001779
102014032982
112023004203
112022009337
112022018389
112022026598
112022018339
112023004347
112019025132
112016013152
102018005090
112023000040
112021009133
102021017361
112018006315
112022014645
102013020299
112021008686
202018069490
112016020866
102014029486
112020000632
102018075217
112023020867
112022008007
112022008294
112014001600
112022018094
112016026973
112023018065
112022023009
112019027272
112023021346
112021024989
112017013682
112022011244
112022026774
112023018780
112017017712
112022026496
112018076743
112022026596
112022024660
112020025031
202018077249
112022014320
112023019133
102014020518
202021009031
112015000404
112017016340
112022007443
112018014224
112022019245
112023015250
112016026459
102018071112
102018013856
112019013261
102017019797
112022016426
202022013927
112019017674
112022025437
112018001591
112023004525
112022006100
PI0814394
112017023493
112015026210
122014004140
112022018421
112019017551
112023006162
112023000823
122021023418
112022012691
112023016800
112022007805
112018010053
202023010275
102014027759
PI0909538
112023001061
102016005879
112022010919
112016010358
122022025997
112015029581
112015004135
112022012612
112022014309
102022010177
112016018576
102021002908
112022013620
112020010232
112017000205
102023006452
112022021854
102020026649
112019022357
102014014297
112022025806
112022026463
102012006421
112013012811
112022014235
122022018622
112019020923
112016024438
112017028194
112022012610
112018072417
112016015971
112017014751
112023019511
112020003714
112023021770
112023002190
112022011008
112022016055
112018007172
112022016556
112023019143
112017013569
112018005015
112019009696
102018011025
102020006557
112022009847
112022011038
112018067767
112023019736
102017016582
112017023774
102016020210
112020015847
112023020811
102021013147
112022008216
112020010518
112023014225
112018075934
102015016458
112022019100
112019020823
112017018340
PI1013745
112019010304
112019021671
112022013244
112018075552
112018003234
112017018575
112015019634
112022021864
112016029333
112014000688
112022019141
112020008167
102017015092
102021016200
112022009175
102017006718
112017021620
102017001534
102017021241
112023001511
112019000068
112017008423
112022026643
112022015428
112023005214
112023018852
112022026374
112015013615
112022007893
122022016119
112022024238
112013033527
112022023016
112022022639
112022010895
112022007329
112023006276
112023012466
112023003732
202022002027
112022023457
102021010932
112023020971
112018070128
PI1004003
102014023355
112022026824
202017017795
112022023025
112019016806
112018010070
112022027113
112020010644
112018015320
112018076621
112017009851
112018009028
112020007069
112018073617
112017011456
112023001659
112018015304
112019017432
102018077084
102013007727
112018000747
112022025675
112022009162
112014018841
112015003087
112023005598
112022021396
202022015630
112022008276
112017016512
112023017616
112022007987
112023006272
112023017478
112013028429
112017019953
112022000810
112018069661
112017006018
102013002579
112019006225
112023020486
102022018144
112022012320
112023003940
102022008634
132021020373
112023003884
112019011097
112017025352
112020011357
112023017801
112018076655
102017001325
112018070595
112015020699
112017008885
112015011544
112023000207
112020015012
112017024911
112017012211
102017017509
112015017338
112020005388
112018015868
112022023942
112022007700
112022023703
112021003350
112023000304
112023021962
202022010213
112018008182
202021013915
112021009713
102022008048
102022016919
112017006901
112023021672
112022021402
112018000907
112022024728
112022027076
102023000618
112022010302
112017022424
112022025989
112023020462
202021015276
112017016297
112019007483
PI0813103
112023016410
112022023244
122023024830
112018014742
112019008040
112016022231
PI1012077
112023000689
102021009152
112018007107
122017019640
112018076262
102022009612
112022009857
112018005801
102021013714
112019020550
112018003056
112018068883
112016013332
112017025982
112023016404
102017011408
112022021601
112020005503
112022013297
112022023995
202020013596
112022010842
102014020266
112023018313
102022007285
112019001648
112023018092
112020011703
112022020079
122017010763
112017009357
112015009241
112023019764
112019005680
122022020015
112022017298
112023020700
112018016451
112022015740
102022009711
112015000267
102017011990
202017018653
PI0619840
112023014238
112022007557
102017020810
112023017040
112022016739
112022021721
112022010067
112022014182
112018016666
202021004375
102021014564
112022016181
112022023888
112020008459
202022008848
102022021334
102021013693
202021010924
112015008347
112022020905
112019003993
202017015064
112022014949
112019000307
102021013335
112022015825
112016025287
112020000747
112022010064
112023014598
112022008710
102018070685
112022020563
112022024612
112023004303
102022018856
112014010028
112017000910
102021019838
112022015862
102022020574
112022023047
112023016226
112023002603
112023012932
112017012945
102021000057
112018006058
112023018758
202022005804
112018001173
112021008183
112020006486
112017019812
122020006607
112022023219
112023022260
112020013023
112019022497
102023004868
202022007457
102019007395
112022022484
102021014363
102020026775
102014024155
102021013552
112019026615
112012032317
112016017893
122013020551
112018069095
122020000172
102018071844
112023018145
112020008844
112023019559
112019024688
112022026261
112022008872
112022013969
112017024329
102017015382
202018017320
112017021458
122022015241
102018012662
112022009388
112022006866
112019010705
102016002632
112022016544
102019013472
112018007509
112022022910
112014025989
102022005610
112022011427
102015005067
112022008763
112022022431
112019001545
112020004551
112018006660
112023013908
122023023563
112021010839
112023019339
112018073619
112019004085
112023022284
112016011664
112023021366
112017013244
112022020803
112023001698
112018067370
112023000410
112023004430
102021012721
102022012852
112023021094
112014021148
112014031394
112019018762
112018008785
112012031342
112016009555
112017017026
112022025170
PI0619595
112023000203
112019008064
112016024641
112022009518
122021000920
202021001275
102023005314
112015022945
112014010630
112022012218
112022024835
102017003456
112015019286
112023002398
112019010305
112022022170
112017003054
112020002655
112015030412
112018015141
102021014465
102017025123
112022021860
122022015729
112016001076
112023000135
112018014726
112022007101
112022018311
112022025651
112015018118
102018071413
112017006228
112022012334
112022013124
112018001601
112018074570
112021023806
112018016320
112017000089
112023002925
112021026094
112017028535
202021002117
112018012721
112023013313
112016018800
102017013895
112014017509
112016013623
112019012520
122020004104
112022024814
112016021663
112019002838
102013028068
122019026701
112023017800
122020007729
112023003365
122016024992
112022018105
112020021822
112019021401
112022020390
112018010875
102021009716
102016023266
112022010920
112022016286
102021012711
112019008434
112012008195
112017025218
112020011729
102016022807
202022007657
112022016237
112019020746
112018003822
112022011000
102022025738
102014004402
102019006941
112023018519
112022009977
122022019343
112014032056
112020009399
112022014358
112018074732
202021002865
112015023481
112022007644
122022017521
102015016489
112020011203
102022013331
112022012090
PI1014572
112022003188
112022013004
102022025048
112022020830
112019012726
112018002777
112022013356
112015026240
112018072148
112022021543
112022013680
112017008629
112023001187
112019025621
202017023942
112019005485
112022020278
202022009554
112018002057
112018000273
112022020083
202018008652
112016009494
PI0811140
112023013658
112017016883
112022014530
102016004486
PI0911429
112023001635
112022013452
112023019592
112012018232
112023005536
202023011612
112019003654
112019012879
202021019744
102014017835
112019006417
112022007948
112017023129
112023003362
112021023832
202017016822
112022011646
102015025992
112022005756
112023019609
112022023214
112014031223
112018073010
102017023103
112022027124
112018067581
PI0720691
102018016489
112023002792
112016013463
112022007115
112016020841
112018067318
112015005285
112023019263
112017018439
112014015106
102021024153
PI0814659
112022025004
112017028226
102023004268
112022026524
112019023732
112016023155
202022009870
112015025910
112014001800
202022010431
112017005927
112022007318
122018074319
112018006760
112022011709
112015001615
112014032106
